34_jpg.rf.3c3e0205b906cc730749106da890bcdc.jpg 62,26,539,639,0
5_jpg.rf.081f5779c9511fc856b3c9d495ee326e.jpg 261,98,451,551,4
22_jpg.rf.a0e6b06e27b4577514ed82646691194a.jpg 393,212,572,390,1
43_jpg.rf.af1b4aef0d02f13bf9c7b81c62a200ee.jpg
46_jpg.rf.e7b82e948e42a8a246330797989e0f82.jpg 139,67,640,635,1
3_jpg.rf.455c25d0c0fb08d0ce32543133c26184.jpg 319,284,552,348,2 46,204,231,240,2 230,266,313,334,2
5_jpg.rf.58b63323a1e71f7f5bd982c1355bea95.jpg 167,161,477,440,1
5cd0a4c1d6c79500045e742a2df21c1c_jpeg.rf.3c485f4afcfa07eea8bc043d562c6a06.jpg 73,137,545,599,3
13_jpg.rf.07b465db75a8c49299a7a7fcb6a06567.jpg 42,270,197,560,3
48_jpg.rf.495fc1ba7c287895d82f566522917775.jpg 87,180,539,498,4
20160307_145259_jpg.rf.0a1bdd3fbd437ec8c2ac66cfc98a3c12.jpg 0,192,614,393,2
2fa39e861d7679fc924d3227fd87eda3_jpeg.rf.4e683aa2f3668ed76c6378e0217b0208.jpg 0,14,522,614,3
1e502ea902939874fd48a1f4ab150995_jpeg.rf.e48a935abb7e0b0426b4a547a6ac6764.jpg 113,153,600,513,3
157_jpg.rf.458a65c0fd8ec50301c29bdbad851a16.jpg 0,164,625,480,2
5_jpg.rf.53242e51b15d9c18e54dac650325e23d.jpg 178,116,372,531,4
36_jpg.rf.b94e9254c0abee7cad59c651604b6817.jpg 218,41,412,527,1
17_jpg.rf.40d11d8301fa6aa4d8e3989fed404441.jpg 91,133,299,348,4
14_jpg.rf.ff25d1b3f2462137b96086cb0c216ffd.jpg 0,26,607,640,1
4_jpg.rf.cbd2f403c1b564d43170c80cb1a30bb2.jpg 256,11,590,454,3
-_20220803103715_jpg.rf.61a36d4f89ecc33664a97c460f356312.jpg 38,55,138,98,2 194,20,636,605,3
45_jpg.rf.4d3f5ad169ff4285fe608cedec609397.jpg 213,140,460,332,1
11_jpg.rf.ba1c4cda9338ca4e168e46bd8507828c.jpg 183,209,631,546,3
39_jpg.rf.ead9acdcb01c97a85544b32a60c6743d.jpg 37,394,640,640,0
13_jpg.rf.726283d582b681939251aac04f3554b6.jpg 181,581,314,637,4
26_jpg.rf.7add4289030889e138b1bc24d91db974.jpg 73,175,386,430,4
20160225_114514_jpg.rf.8422f88517cfba63cbf2ff5266c1e69c.jpg
5_jpg.rf.a086580064df19754885f961b2cc1213.jpg 217,106,580,371,3
49_jpg.rf.9c27c8ce8121754d5434d4a1c29e34d1.jpg 180,88,472,596,4
26_jpg.rf.9a2e7abcfc66688e101e041cae3ed81c.jpg 189,244,467,589,4
10_jpg.rf.2791934d9432aaab33b2e9715d4d872d.jpg 209,136,385,483,3
20160306_104456_jpg.rf.eab83b2f3ccc7a14dee9020321e4ef2f.jpg 212,107,614,219,2 0,66,368,630,2
45_jpg.rf.2d81fc97ff506a79213b57e991a2e4e8.jpg 248,341,493,473,1
20160307_145259_jpg.rf.22e38a6ca2504eda68bc450769fdcf9b.jpg 235,10,463,635,2
5_jpg.rf.ac7539b0f1be3b1612e3d5c4abbbf6af.jpg 150,255,516,525,3
4f99c14cfb3836379ca77cb8e0747d0c_jpeg.rf.dd340181491ea44bed2d6e805812b286.jpg 230,338,470,478,3
20160225_114514_jpg.rf.57377dd58189db602b93012a7ee45561.jpg 8,182,382,264,2 1,225,281,452,2 407,192,464,294,2 400,335,430,404,2 284,5,337,200,2
20160308_072935_jpg.rf.b96d40a0a6dd3f0a4f9b6f53f6361181.jpg 0,218,631,403,2
1e502ea902939874fd48a1f4ab150995_jpeg.rf.6bf23a75682c33c7f6ccb495a9cd2a39.jpg 116,171,512,640,3
33_jpg.rf.5c3162a3e7d110d34f4494b115682448.jpg 430,560,527,613,4 357,467,431,487,4
47_jpg.rf.1ff9324039a4a95aa3846446bed86550.jpg 248,304,610,631,4
20160328_153915_jpg.rf.9c7d65f3264e0e36c12f8327ac3af812.jpg
13_jpg.rf.416c8e417a1769fd941028c53e9a7e06.jpg 51,67,215,379,3
38_jpg.rf.614773ffc62c78112cc8945376295362.jpg
1_jpg.rf.a28b9cafb71bc6718385cea07e6c0180.jpg 1,254,523,589,3
48_jpg.rf.af1d81a95408716023bbb67180484acc.jpg 47,53,638,588,0
37_jpg.rf.3929990767263c5a4ff18e772eb9b834.jpg
17_jpg.rf.ded5fdba78491a91c2179fe7c12b16fd.jpg 234,305,431,495,4
20160308_072921_jpg.rf.bdbde8f5b894336e495bffaf13a0180b.jpg 0,282,626,441,2
23_jpg.rf.e9ac18eabf66916071365faaf5d35e3d.jpg 153,185,538,552,1
19_jpg.rf.3e06e760d925c28b61d53237b712a7c9.jpg 0,22,623,640,1
20160328_153915_jpg.rf.05cd33cb64842d67df2828749918fb9a.jpg
20160225_114514_jpg.rf.a7e7613422565a08c1b83fde17330650.jpg
41_jpg.rf.1a1175d31d21390b93e1a92a02f7140e.jpg 264,158,506,422,1
20160308_072935_jpg.rf.bb5e695277a9092fcfebfc9a8d4f4658.jpg 0,182,630,351,2
20160308_073406_jpg.rf.c5345ce6fbcb58afa2b69b68af7de310.jpg
34_jpg.rf.cbc308e77441d6d7b47d35ee464f2d24.jpg 325,251,549,426,4
14_jpg.rf.46db51aec97ef88e57a5d574a6be389a.jpg 308,102,475,572,2
28_jpg.rf.afe0218f1957c050adfe30887ab886bc.jpg 329,0,640,585,0 168,208,363,511,4
47_jpg.rf.f31d603730823448bd940264def09da1.jpg 4,6,640,617,0
20160307_144202_jpg.rf.3782e6363660cc4507384760d24fdf0a.jpg 226,0,318,455,2 209,458,263,578,2 213,572,257,629,2
25_jpg.rf.6de3df95151be3bf5c4ade7921a5a657.jpg 31,88,569,628,0
41_jpg.rf.14942f75ed8d443267e895851b5d6907.jpg 174,184,416,456,1
20160308_073406_jpg.rf.4dd331b4929d807b64e5b291f1cb9d14.jpg
1_jpg.rf.34624957daae7cd09f6289770ba7183e.jpg 193,135,493,640,3
33_jpg.rf.3fdabfaa51b2d08dde1b4a34c23c693a.jpg 216,9,640,640,0
20160225_114514_jpg.rf.4aa882e0f3ce30faa88bed3d1aa3a043.jpg 197,259,307,638,2 348,287,468,638,2 135,199,255,224,2 299,156,356,211,2 29,328,203,440,2
276cdf81c706faddf8f4b525ce5bcf09_jpeg.rf.d1f5a0064f1cdfebda14c6e90fd1bb55.jpg 171,176,489,431,3
19_jpg.rf.85e11fb41a69c3ec228b2c82fa847a82.jpg 8,8,640,631,1
20160308_072921_jpg.rf.136fc66b2bb3147fb4c7a1753a3f2240.jpg 260,0,464,631,2
9_jpg.rf.db89c72b2845ea5b783087bc440fad3b.jpg 65,234,463,517,1
39_jpg.rf.b701b8ddf9dc01a92fd0a7981a1098e7.jpg 131,351,402,532,4
25_jpg.rf.456189063a64c2a68ba4ec029c46a1c0.jpg 226,353,434,602,4
18_jpg.rf.462e83c87b1abc0021a94dbb97f7cfcf.jpg 15,230,570,361,2
276cdf81c706faddf8f4b525ce5bcf09_jpeg.rf.fc2da942c34bc5c9121c03359da18327.jpg 157,214,467,460,3
45_jpg.rf.b2c6cfb5628891de3856a14959b4e994.jpg 200,345,425,432,4
3_jpg.rf.a13dacfbca92fb4014588c06b8fc8278.jpg 150,397,596,616,0
16_jpg.rf.5c1f52da5e2a861d5f83c3de5065b6db.jpg 0,248,639,350,2
20160306_103613_jpg.rf.5a39c6d7cdaad48a8273d1b4050bf111.jpg 290,0,416,594,2
24_jpg.rf.884e1f34b8c122ec4ac79fe3317072d6.jpg 50,380,475,640,1
27_jpg.rf.14f474c140d723af34442234028de936.jpg 0,104,574,416,1
20160306_103638_jpg.rf.5d19561a369cbae1c89419d67951142d.jpg 292,2,408,492,2
46_jpg.rf.1e9096c617390db86f39355c48680ac2.jpg 37,34,637,566,0
20160306_104456_jpg.rf.c8fccab164953ca138241b2937fa2d74.jpg 18,164,356,384,2 354,0,484,625,2
15_jpg.rf.6257e799f06742d0da54511e28c0b539.jpg 30,161,607,525,2
32_jpg.rf.43cf41701da26574b49393b5d8063ae1.jpg 12,211,635,630,0
9_jpg.rf.2cf86cc2e136805f9b983ed15095834d.jpg 197,349,591,576,4 307,229,558,272,4
30_jpg.rf.1a6a0c0fc5a26239230f17b04754f7c6.jpg 277,483,471,640,1
14_jpg.rf.58f75bf1537522798f756f11875edcf7.jpg 231,334,479,469,3
49_jpg.rf.7bf6708f350276dfa5fdc94fe8a5c3c2.jpg 181,20,637,638,0
8237cf3d50cdefdd317dc6e602444156_jpeg.rf.ceb725c6aaa5f0e1eef2118ad03ab260.jpg 206,167,474,402,3
37_jpg.rf.06efb76cc5b410ce6383e57ebccaa97d.jpg
22_jpg.rf.4e8913b17a3bd6e467ce8b90ffbb5eaf.jpg 377,204,523,388,1
142_jpg.rf.76f1b63fb58681e85ff9c36540d8b487.jpg 177,0,358,631,2
23_jpg.rf.a8d329393f5af21e1f8564b74bf11509.jpg 103,355,226,418,4 207,513,288,612,4 267,395,421,470,4 15,285,58,317,4 155,304,180,320,4 171,255,271,296,4 65,265,166,329,4
27_jpg.rf.3d1391db3d476108bbb79b484e033752.jpg 19,30,211,522,4
20160307_162704_jpg.rf.431aad5f841fe6f62617009dd92006bf.jpg 300,186,502,591,2 340,0,494,218,2 85,459,471,608,2
20160302_155914_jpg.rf.e4515d0cd5638c0a8c1b4d4fbbe5887e.jpg 242,210,596,464,2
12_jpg.rf.c538f52382cbe6801c7e18f49f40d044.jpg 369,156,531,370,3 415,431,539,566,3
2_jpg.rf.219ce8098112569dbb136b2174389bbf.jpg 0,5,367,551,0
29_jpg.rf.a6a374a3c8a273d8eb449a775ad28968.jpg 235,417,578,636,1
46_jpg.rf.21e42bd2b97caa10b0e2299c384e0ad6.jpg 242,362,503,545,4 146,210,405,328,4 191,84,366,198,4
11_jpg.rf.bf32c1fd2020ec485bf7091455b0f120.jpg 315,148,639,483,0
126_jpg.rf.f6d2664dc9520e0a02667a332f34c7f6.jpg
48_jpg.rf.4c860070cf639b3117ae1087cba1ea21.jpg 0,24,622,640,0
10_jpg.rf.b2a8fcb7dc21ad3fd279961a21ba6a77.jpg 362,172,640,526,0
3_jpg.rf.de8767cf7dfae3d3d51a5160895e4d92.jpg 241,472,445,529,4
39_jpg.rf.f514c8c52e6a90dcc46d5d1c98169e51.jpg 0,28,229,640,0
20160310_114658_jpg.rf.72436d71253d1a6f138814d6af8d5628.jpg 239,455,277,640,2 269,51,290,218,2 261,15,280,48,2 273,230,283,295,2 272,315,282,372,2
18_jpeg.rf.a0da37590177430dd8715611caa1f4f6.jpg 31,188,208,368,4 127,442,223,567,4
32_jpg.rf.921359a3c8ecfaf718f1d3c9bd680cea.jpg 226,122,640,573,4
20160302_155848_jpg.rf.e446bf9e87986227909baea4c8934840.jpg 233,96,389,638,2
1_jpg.rf.47545e729d8756f959f0e4bbf0c8ec54.jpg 17,242,640,444,2
9b17971351ce031c00c48a127736adab_jpeg.rf.6c566b8d296734d190814d7123fe190b.jpg 94,74,430,510,3
46_jpg.rf.7487a97053d0a4ab689972aae814141c.jpg 0,196,548,633,1
20160302_160033_jpg.rf.4cf65d123429295e6a419fbd38349406.jpg 10,259,640,447,2
119_jpg.rf.847d498abfa6927b3b6e9257696303f8.jpg 68,0,359,611,2
2a8c7e534c28d04c46ce6003eeaa1e97_jpeg.rf.da6a3709460d2476b5707fad7efa6fe3.jpg 4,131,556,532,3
20160302_155848_jpg.rf.8c83634d4876822f3d9e91a490507ed5.jpg 202,142,416,631,2
20160307_163352_jpg.rf.f42ed997f5cde157add22380c804831d.jpg 0,444,604,544,2
38_jpg.rf.7ba96dfaee6cda95df4c78be35ac3e8d.jpg
25_jpg.rf.ea551fcdda49395a808f349126f6a4a4.jpg 342,252,568,452,4
20160308_074321_jpg.rf.c98aaeff8ff5ce30e3470b2597746569.jpg 0,269,223,310,2 234,289,309,313,2 255,285,341,332,2 309,82,402,632,2
27_jpg.rf.a81fe78bf976ed19a409bcd9da53723b.jpg 18,79,638,487,1
20160308_074321_jpg.rf.55dee04e47b3c66197c781e2dae5b68b.jpg 364,449,404,619,2 357,354,380,437,2 336,319,382,415,2 16,241,599,356,2
20160307_162704_jpg.rf.304e024fc64dac44f59f6454b5e6d0cd.jpg 204,308,640,398,2 38,391,298,501,2 362,43,640,339,2
a933f0446ccbcdbe966c809061e5a0ad_jpeg.rf.6d5d6d3eeb8a4f3e9606ef71dbcb3885.jpg 146,208,527,472,3
16_jpg.rf.f983af9f8233cb7730c7232840d663d7.jpg 421,278,477,640,2
8_jpg.rf.da16478ef81587ca9560bc47391ec7aa.jpg 137,236,551,434,4
20160307_144202_jpg.rf.6fab57c31ccf3b4922ef88f6ed2b727a.jpg 251,4,343,462,2 206,464,270,598,2 208,592,252,640,2
14_jpg.rf.6ca659b99b3ee3430b99375c1d76e759.jpg 372,133,484,377,3
14_jpg.rf.adcdbf04840cd2d4d2b13d62005ccb46.jpg 271,120,372,574,2
23_jpg.rf.a3244d945fd0f5efbd5b1e7945899ca9.jpg 107,351,229,403,4 163,511,248,593,4 257,415,397,497,4 41,250,90,280,4 176,301,202,317,4 199,261,291,313,4 92,257,194,307,4
27_jpg.rf.65d1dfec7f2acbb185ea7230e9042507.jpg 0,424,455,608,4
1_jpg.rf.2b2411a451acf4aa4bd5e2bfc2fb4df7.jpg 9,247,640,365,2
33_jpg.rf.352debc74f5c3bc609f4db89f13617a7.jpg 21,48,76,148,4 145,149,170,225,4
20160307_163352_jpg.rf.4f5c1cbcb942d65f7191c1518f630352.jpg 97,0,216,622,2
47_jpg.rf.f0eec59765aa3a95385aec9481746f59.jpg 101,315,393,607,4
2fa39e861d7679fc924d3227fd87eda3_jpeg.rf.4bf0997a71349261c6797843176f03a1.jpg 65,0,581,500,3
20160308_155516_jpg.rf.ec7b7ab960ce269c3769faa247d27186.jpg 287,0,305,362,2
10_jpg.rf.0d05995fea6995e844743a93573b6a65.jpg 165,230,478,388,3
12_jpg.rf.f1180a73d0d6846f6a4a364e8fc70746.jpg
20160307_164214_jpg.rf.2920ffeeee754569c244ade4dda8df46.jpg 273,184,399,586,2 524,24,562,639,2
5cd0a4c1d6c79500045e742a2df21c1c_jpeg.rf.c59e327cae6196f546db414e74fdd4a4.jpg 100,120,566,588,3
11_jpg.rf.fe919222289d6ea798f66621b5429204.jpg 44,309,436,516,3
18_jpeg.rf.f251942271ab036e253602155a7d5588.jpg 468,145,633,336,4 472,412,572,531,4
34_jpg.rf.33462c4167aa83f361052e88e49cda14.jpg 226,333,405,543,4
43_jpg.rf.12d87f86cef75d8dda75b94c02a7bff4.jpg
31_jpg.rf.62bc62cfdcbbd44bbb892e827c72d176.jpg 318,390,479,511,4
23_jpg.rf.f2c90113d8a7232959df3384b3746903.jpg 196,264,512,568,1
20160302_155914_jpg.rf.db0f56d6f98a9c5007131b3c0f6918d7.jpg 1,212,378,407,2
34_jpg.rf.aa6f56f6edf06d034539cd7a70a59211.jpg 4,113,598,563,0
28_jpg.rf.d03ab782856013adb2008eac45a314d8.jpg 3,329,592,637,0 223,147,522,332,4
20160307_145259_jpg.rf.04532713e2a1dc1343c3f1cf23065463.jpg 284,0,394,639,2
06ca9ead568d7106a2c9e4d70a32ba26_jpeg.rf.e6dacb77fdaebd1823f7a48a252981c1.jpg 253,191,458,455,3
21_jpg.rf.573b14e81b7c2e0a40f953011656ee96.jpg
100_jpg.rf.226c8d6dfaaa5d4280dc1733563c7082.jpg
157_jpg.rf.e0c75627139db98ccf3570b1bfd77d2a.jpg 165,0,504,623,2
20160307_164301_jpg.rf.e201cd86a06465396a993d08ad475525.jpg 0,22,607,437,2 162,270,319,626,2
29_jpg.rf.27fc8e39fed480308a1e61d74e11a045.jpg 66,20,397,233,1
20160302_155919_jpg.rf.41fbf7d6ddf907734cde0bfe92dd3afb.jpg 2,266,326,377,2
3_jpg.rf.be848c40c71e09a48b464c97d4811b72.jpg 113,231,195,437,4
48_jpg.rf.381dab83959b33eb660a576b2a6532d1.jpg 117,185,578,494,4
39_jpg.rf.fdd644298c7b08a7fe58be873848b416.jpg 14,32,526,640,1
14_jpg.rf.b617dcb5c5fa99633e68c3d541198ff7.jpg 0,0,568,636,1
126_jpg.rf.cfd308223844609d9b006a620195ec7f.jpg
4_jpg.rf.42d94db55f4e8696f9a79159a870b3f4.jpg 41,41,357,465,3
10_jpg.rf.99b122a510923579018cffe9678e8db0.jpg 339,105,637,462,0
4_jpg.rf.96931d428549303226653b2384782f02.jpg 177,159,590,632,1
20160308_073310_jpg.rf.fc67d14ad9fc548520a0eb7ba1cdd4ad.jpg
3_jpg.rf.b40abdb06b904524275fcb36ca1e931b.jpg 382,83,640,564,0
46_jpg.rf.07cda6b3b451667f9e337bff031ff989.jpg 0,0,612,640,0
20160306_104456_jpg.rf.1f5f194d70b8160680d5d5ef8cd074e6.jpg 270,295,626,459,2 192,17,308,534,2 114,537,184,640,2
20160307_145259_jpg.rf.2d90d00c283ad089a4f1a77cbf4e4589.jpg 306,16,413,640,2
44_jpg.rf.37300203417e9cda10f77b17e3051cf5.jpg 208,250,558,511,1
15_jpg.rf.48dcd1bc90ca7a1161e821d6e5aa2151.jpg 57,27,495,578,1
-_20220803103715_jpg.rf.00055ebbfb14a502b7e67022944430a5.jpg 464,0,503,81,2 78,178,640,640,3
20160306_104522_jpg.rf.21f9ad7b58559819f6e71a374463f400.jpg 12,287,640,428,2 335,32,469,404,2
45_jpg.rf.b50a8eac684c232b874b9c5ac3646890.jpg 178,328,438,428,4
25_jpg.rf.56ba47112bf781cf7413646d3112bc75.jpg 58,29,640,635,0
06ca9ead568d7106a2c9e4d70a32ba26_jpeg.rf.382e933720a980da568d9ec188a639fe.jpg 190,184,400,442,3
64d69e13903215fb868296b609d2e36d_jpeg.rf.12d8ed82ccd6ae4dd378b341877b387d.jpg 64,104,598,443,3
32_jpg.rf.cb83fc314548ca7d479cf4e922c11f12.jpg 149,165,562,640,4
39_jpg.rf.dff0eb09958e81dbe86ced08363f61f0.jpg 130,341,403,521,4
32_jpg.rf.1dd5a2cbf7bbb62d867667936c8d9dda.jpg 0,0,521,640,0
9_jpg.rf.1964cd7d99d292b426b944f4d507cf50.jpg 76,37,441,433,1
142_jpg.rf.56f5c546ca73d69c28e0f20bd4c4996e.jpg 0,189,628,385,2
17_jpg.rf.378a52f619a5ded5e0448a590551f7a0.jpg 237,61,636,499,0
129_jpg.rf.55b0147eff2e7fd970dae91a081be12e.jpg 9,236,639,372,2
24_jpg.rf.cdde5dd8db5040b573150495fa8e1f2b.jpg 346,17,638,486,1
3a68eb3de43986d280eb036025fda944_jpeg.rf.2a83a64b518bc539eae8fd11210b2d19.jpg 205,168,536,503,3
8_jpg.rf.a9aeba18a094751787406bec84843579.jpg 277,294,455,399,2 59,162,200,287,2
11_jpg.rf.151ccc79d39c0a0ceb7c8d5bd50c6cf8.jpg 112,306,463,634,0
49_jpg.rf.455fe1a2376cce9a46488608b698dd65.jpg 75,0,640,637,0
7_jpg.rf.0e671763baf123903631a56224948119.jpg 49,155,589,501,1
15_jpg.rf.28c0d791cdab9c06d58b91b657755b70.jpg 15,244,640,469,2
146_jpg.rf.485f2262faf983ce792c10c780f1053e.jpg 2,243,639,324,2
35_jpg.rf.08f987adbe5430e8cc93f3885389c7a6.jpg 269,211,639,624,1
16_jpg.rf.599fa59fe0e191453335a596b1c3a622.jpg 0,123,632,426,2
19_jpeg.rf.0c6e72f6dcd95adf746c993107af3363.jpg 246,408,444,544,4
20160307_164334_jpg.rf.090ff2546ae75b80ddab07c4e451abb0.jpg 6,288,546,376,2 366,378,640,537,2
20160302_160033_jpg.rf.779db766db6f9e3e448462d920969ad4.jpg 30,262,640,386,2
36_jpg.rf.9484a29ef374a39f55a2bb66dab9e858.jpg 227,62,414,549,1
12_jpg.rf.b8b7c21445c7b447972ebb7ca736f0cf.jpg 69,125,404,510,2
9_jpg.rf.6588e119a18faa9ed2907c2fdcd59a16.jpg 11,217,292,621,4 359,265,424,530,4
13_jpg.rf.fa5935f4da9c809750f5542295e96217.jpg 314,581,440,640,4
1_jpeg.rf.babbfe5a9525dc3136907ba1ae61523d.jpg 162,222,325,482,4
31__jpg.rf.b2f00f7df9c5b759097759999ea6fd99.jpg 121,3,487,637,1
46_jpg.rf.52a6644b545069dbc2dcdc681da3ca3a.jpg 64,133,267,415,4 290,280,438,555,4 428,340,567,531,4
13_jpg.rf.a9fdff71d0ec0bdcc1ea92c57fa9a47c.jpg 69,158,574,511,0
0493cdab5a922c1d08cc3ab5f3275391_jpeg.rf.ef0ce8994b2e3a392fe4bcbd90b44f12.jpg 2,87,239,439,3
4f99c14cfb3836379ca77cb8e0747d0c_jpeg.rf.283021ae168236df34fd4ff22509900e.jpg 348,257,527,509,3
9_jpg.rf.e145b7e8f7871156a97db21e948dcf79.jpg 275,180,350,640,2
20160222_165919_jpg.rf.e674bd4d43e87a16273d99edb641d9be.jpg 240,0,312,376,2 4,292,279,390,2 303,233,622,419,2
110_jpg.rf.bf5a95735bb0a0c7663e69d11eda6e55.jpg
44_jpg.rf.a89a41fb88425fce21fabd0439eddc2f.jpg 371,274,467,362,4 523,251,638,343,4 0,297,162,453,4 269,434,343,488,4 218,362,271,381,4 213,290,352,415,4
17_jpg.rf.57c3d652dba1471b4bed556d8386c3f6.jpg 117,137,319,596,2 366,215,428,624,2 310,453,366,613,2
20160310_114658_jpg.rf.80001c724e5e46628cb332f24ada5433.jpg 266,0,323,184,2 368,405,423,561,2 417,561,451,602,2 354,332,375,393,2 328,262,348,314,2
20160308_072921_jpg.rf.2fe60c731c1f95325e8c203d6c033449.jpg 241,0,398,639,2
69bdffe6ebe86e3a9244f41c56f4d55a_jpeg.rf.1d7180d8d69741390be7cbff69a7ed0a.jpg 0,142,516,428,3
38_jpg.rf.fd2efd7bc4524bfe0adbfff82b3b1e42.jpg 137,332,356,514,4
12_jpg.rf.7ff070452210a5d63e96f17c11b67c0d.jpg 291,459,390,551,4
8_jpg.rf.ade02526e0bab213a3b000af64f00fbb.jpg 94,225,511,424,4
28_jpg.rf.db0c8f942c19019489905ac2dbd70ba5.jpg 112,55,504,578,1
6_jpg.rf.acb03517df624af9bbac87cd2ce9bf69.jpg 137,136,182,346,1 61,49,581,445,1
30_jpg.rf.148c50c5a9739068168cac139daf95c5.jpg 2,273,162,493,1
20160302_155919_jpg.rf.a8215e19736e84daa0a453dd499cc039.jpg 290,197,618,353,2
5_jpg.rf.7220253c9a8b31c1d5d602e365cca894.jpg 235,19,433,612,2
a933f0446ccbcdbe966c809061e5a0ad_jpeg.rf.760300da2b0682a7a827cbd1614419c8.jpg 167,94,478,517,3
20160307_164214_jpg.rf.b3ef90f9aacb7790bb0362d64808581f.jpg 191,224,640,362,2 24,510,640,557,2
22f9b76d69e1319faa6fbc0907473e34_jpeg.rf.4e61942cb165190fb3abe9e1e043055f.jpg 298,450,478,611,3
2_jpg.rf.ebc65001e5770b720c316d8246554c73.jpg 317,147,355,636,2 304,0,321,136,2
23_jpg.rf.dbfafd23e01cc1afdae9ddb9ccdf8103.jpg 102,162,632,637,0
20160306_103613_jpg.rf.455196301127492680aac2514abbd393.jpg 240,0,343,603,2
35_jpg.rf.6b7037f562e19acd3bbabe7d66216019.jpg 119,151,434,556,4
43_jpg.rf.277242528f880602e8247fafeb95313a.jpg
20160307_164301_jpg.rf.88d68dc0c6183c3bc599bd8474d7e326.jpg 211,76,638,640,2 0,287,395,381,2
47_jpg.rf.263d8796a0624760b536ba1b132126f6.jpg 136,122,580,527,1
42_jpg.rf.1083d238793491947cc9c7eb545be400.jpg 399,67,613,447,4
20160308_155537_jpg.rf.adef7d2fdc457d64bdd309200890facd.jpg 228,11,519,622,2
29_jpg.rf.62a58fe7671b8d2da2335d596d46d921.jpg 276,191,326,370,4
42_jpg.rf.2145dbecae79218ff643076ea412069c.jpg 287,174,580,496,1
20160306_103903_jpg.rf.0c8fed37119841568e8c234ef117ffb1.jpg 215,155,333,640,2
19_jpg.rf.b4a53b4bb60d5ec218b29270c17bf610.jpg 179,307,511,619,3
34_jpg.rf.4f0e159dd2525cd474fd93f92375155c.jpg 34,0,640,639,0
10_jpg.rf.d10060936e23bb90c8fadbcaf885a4cc.jpg 134,199,476,372,3
20160324_170408_jpg.rf.5d9a165a2559c642858f9592f1ab0e7c.jpg 14,157,622,364,2
40_jpg.rf.1aaf3c271e41e946baccaf2cdbc7b7be.jpg 62,107,416,318,0
20160308_155537_jpg.rf.e539d9b7b8a67c43f59f5cbd0accfa8b.jpg 0,213,614,460,2
2fa39e861d7679fc924d3227fd87eda3_jpeg.rf.817c222dcfb8454ba40048719cb91f41.jpg 84,0,622,512,3
5cd0a4c1d6c79500045e742a2df21c1c_jpeg.rf.e1e56eac455c0e0f201b8bb025e04781.jpg 34,65,506,545,3
146_jpg.rf.14bf8cdfb9642852bedb0f779e75890e.jpg 189,11,381,640,2
12_jpg.rf.671bb382c4799a4458c74fe14935985a.jpg
39_jpg.rf.ce13757e41a6bce448b01257d6e8220f.jpg 0,3,519,637,1
38_jpg.rf.f74dfbbe05f9dc034e22bf7f851a55e3.jpg 337,123,520,334,4
17_jpg.rf.75b3827954c0e68ba7a929ed0f04b7f2.jpg 58,211,372,588,3
146_jpg.rf.7180c40cbea37016e2e9ed11d129be42.jpg 315,0,436,630,2
19_jpeg.rf.4dd76b84d357719ad8f87761396576c3.jpg 149,372,373,534,4
129_jpg.rf.b50f283700507fab77e8c2a6314d539f.jpg 232,11,408,640,2
20160306_103638_jpg.rf.02bd25fdbd846e0a9691b0ff2b5390f1.jpg 278,14,420,496,2
37_jpg.rf.07b07f791c42c291f356ca8f269e28a5.jpg 270,130,524,241,4 0,371,119,544,4
100_jpg.rf.0312e14a7854c9ff24e7b0cf320346d1.jpg
20160307_164301_jpg.rf.9d8af54723cedb8e89bd0b0b76cf45f1.jpg 235,0,533,639,2 0,302,343,458,2
38_jpg.rf.8d7a84ad4ddfe39e02e37ef2e3d489d7.jpg 135,309,320,520,4
4_jpg.rf.769e11c1e7d2077d0fb0d860b561a633.jpg 84,189,442,637,1
18_jpg.rf.29be55fe0846296359eaa39d63032b9b.jpg 6,269,545,365,2
44_jpg.rf.6325564b7fa69072bb45115c3b56213b.jpg 275,371,371,467,4 263,531,368,640,4 267,2,427,155,4 433,254,491,328,4 353,209,374,262,4 281,209,413,346,4
15_jpg.rf.d448ccdd5ac3ef52166a4addecc96a77.jpg 81,195,572,568,1
12_jpg.rf.81aea72c7ac2d90f0512255a4842c6a1.jpg 235,478,340,579,4
20160306_104522_jpg.rf.20ec4d108724c7e3f69e1ea0a1a5a011.jpg 299,0,473,639,2 0,328,357,416,2
7_jpg.rf.8284917e975e2337c29303c88e69e2fb.jpg 23,80,632,470,1
7_jpg.rf.b37efc8fb96d4796cb4c7427f48f3ca6.jpg 146,53,500,618,1
8_jpg.rf.56f1d959df78f7c69a5244b33c4faf15.jpg 227,186,355,352,2 379,428,526,551,2
8_jpg.rf.9db4a32abcb789752857c7c4e05acd38.jpg 202,265,346,433,2 380,62,540,188,2
17_jpg.rf.38c123caf568089adc794fde18b2b0d2.jpg 303,238,593,598,3
13_jpg.rf.b4c883ac8dc67bd0886bd71b3b5318fb.jpg 96,48,550,629,0
129_jpg.rf.1258cf6493b64bd0d0c2fa85d68da433.jpg 8,206,640,420,2
20160302_155919_jpg.rf.55436ce4311fcaa8b97b1bc567e81d39.jpg 323,219,626,358,2
43_jpg.rf.f22f46b0b4ed3986745df8803f1194a4.jpg 219,405,406,511,4 159,292,318,364,4
31__jpg.rf.82e484e603d0857846dd778bfcf06cab.jpg 0,105,628,470,1
154_jpg.rf.55471591d64e0a93f6d95511f49eb773.jpg 83,2,589,640,2
13_jpg.rf.1ef2baf24a3c53c58cf53a368ad0cb24.jpg 121,0,555,582,0
21_jpg.rf.29b36129d72c4024078aead895382745.jpg
31__jpg.rf.915d3a98f7f47d7930adff96c70ed4e1.jpg 7,68,640,437,1
20160308_073310_jpg.rf.48ec7ed3a2378b5e794e0fc08104a82c.jpg
22f9b76d69e1319faa6fbc0907473e34_jpeg.rf.9937a23e20f1a6034e7200b3958c991e.jpg 6,95,175,301,3
20160306_104456_jpg.rf.2e8391e5104afeb0faddb516a56faaf2.jpg 200,293,337,639,2 141,206,639,344,2 0,92,139,198,2
44_jpg.rf.1854c61b4bf28c49ba2efb48e3402017.jpg 126,200,372,534,1
43_jpg.rf.ef8e6bebd6062a08d9656586591921b3.jpg 202,412,394,535,4 331,296,491,388,4
12_jpg.rf.20b89bd43b0f4a51a42382235f3a0c95.jpg 377,171,535,375,3 408,439,529,575,3
5_jpg.rf.0bfd05f76c2c4420d5bd7d6421f54efd.jpg 281,68,391,608,2
64d69e13903215fb868296b609d2e36d_jpeg.rf.64fa77592da7edacf7ac3d4bfe6339b5.jpg 140,62,528,630,3
64d69e13903215fb868296b609d2e36d_jpeg.rf.69819b29cdb81d27c82f6a12845472d0.jpg 193,23,539,562,3
12_jpg.rf.0b8f25c1a272603e738f266b45b81bb6.jpg 300,108,543,548,2
6_jpg.rf.65544213dcc9518506d2c2266cf06b15.jpg 431,113,493,335,1 0,6,586,494,1
35_jpg.rf.d47afe59d6191f08239958b82b337b48.jpg 0,0,562,579,0
4_jpg.rf.07f2fafa3426f8803a998f125b2a39ea.jpg 5,26,341,549,0
3a68eb3de43986d280eb036025fda944_jpeg.rf.37d2dfff3a1757225807c18bfc329c88.jpg 165,103,474,414,3
12_jpg.rf.660dfde97874e7cd758d36206d316cfa.jpg 445,284,553,393,4
28_jpg.rf.ca03037e649e50091470109ef9f2530d.jpg 18,104,598,564,1
44_jpg.rf.b1ec4672a191b63652e55b13ba7cecd1.jpg 279,376,390,478,4 287,552,410,640,4 219,14,390,143,4 434,243,501,321,4 336,199,366,256,4 270,201,412,346,4
20160308_072921_jpg.rf.855264dbaec1d60108f24b56b603327c.jpg 0,195,609,433,2
6_jpg.rf.61a4a5d32d2abf6ca73282c5853cff20.jpg 115,89,350,142,1 0,0,481,604,1
8237cf3d50cdefdd317dc6e602444156_jpeg.rf.7bf5ed64c2e72ac95dd5088de224ca7e.jpg 251,230,443,456,3
1_jpeg.rf.2d4ace1e00cc1e3fe4e5849adb8f31d3.jpg 162,281,399,418,4
35_jpg.rf.67d23690263dfb282f9d23977c8dc38b.jpg 7,275,334,573,1
154_jpg.rf.030550d768eb8f1ebe881ee000323d80.jpg 107,4,571,640,2
4eb2f9fdb703bcec4df2a7e37f1ac4a2-1-_jpeg.rf.3f64ebdc4ce8dab99cf74ec3825bc516.jpg 161,202,513,554,3
19_jpeg.rf.d3ac8c50aafae7a949dded6d0acf984b.jpg 450,251,605,478,4
8fb4ca155ee0bc6ca6317348f511bceb_jpeg.rf.79b42a1770888d4bc2e60726080e8e54.jpg 5,130,515,511,3
080aef26551ab12fad5c51effb8bdf92_jpeg.rf.6e9d610cff6694d4bc70379731ec9c32.jpg 69,27,640,564,3
4eb2f9fdb703bcec4df2a7e37f1ac4a2-1-_jpeg.rf.81734b9e99a9e541cd7c4164693f9417.jpg 146,206,463,531,3
110_jpg.rf.9198a6a7cc1ee9e1c5fe18349528e0a1.jpg
20160302_155919_jpg.rf.23a78c9de31cbb84cd229123ce533d47.jpg 117,304,321,612,2
35_jpg.rf.b30f7c8ad50269ebaf546ad504669bc9.jpg 2,6,602,629,0
69bdffe6ebe86e3a9244f41c56f4d55a_jpeg.rf.a0af42f0fa2247a0d4149a7bc9b2b09f.jpg 209,86,521,622,3
22f9b76d69e1319faa6fbc0907473e34_jpeg.rf.313475ee14093da1e8d789f591882f6d.jpg 265,452,444,616,3
28_jpg.rf.5665c35889d8fcf20d10c4cb3d6bd498.jpg 0,34,607,547,1
20160308_072921_jpg.rf.84a2804d8213800e36e351e930c71bd4.jpg 17,238,640,396,2
16_jpg.rf.122acb930980a64fa722d943220f4f19.jpg 254,325,571,592,4 305,183,487,235,4
080aef26551ab12fad5c51effb8bdf92_jpeg.rf.5c4470c5f1eab4c78089efdf79de8e37.jpg 44,38,631,614,3
37_jpg.rf.cb79c511df0eddea7d9ee31c669b2c00.jpg 171,98,294,375,4 433,535,591,619,4
4_jpg.rf.8416d50b9aa7808aad43a316509ae5f9.jpg 34,42,512,304,0
23_jpg.rf.cd189c9fe35b3b9a09d81957220a3179.jpg 80,10,639,638,0
20160302_155919_jpg.rf.ec7dcff0b19ec4344b177b5b8925b066.jpg 304,329,387,640,2
3b7042341ff874a2ff04cd2ab6d16cd0_jpeg.rf.a11c2c2cc9c966bfc14f35a3c84ac33f.jpg 108,0,406,555,3
125_jpg.rf.5f7ff863c1c3edda48c29fcbea6c0cba.jpg
110_jpg.rf.b3ec37cd1d8c544b2a12713be900ad7c.jpg
8fb4ca155ee0bc6ca6317348f511bceb_jpeg.rf.81bd651ce4be0e6c5c6de95a97a13766.jpg 97,47,505,596,3
3_jpg.rf.ccfa37cf9d045b7dff6797f6d08e2946.jpg 189,144,592,611,1
48_jpg.rf.f9e49640fa975066b08f040a59c4ba5c.jpg 161,432,354,640,1 189,201,351,422,1 194,14,341,194,1
7d6a043ddbf8e0de04071a2d5faf6c68_jpeg.rf.15f00bbf82fd31336214603d02d9b3e3.jpg 226,287,635,640,3
24_jpg.rf.e965b0faf090337ad11070d625c1b18d.jpg 217,77,389,390,4
20160307_163352_jpg.rf.d95ad819b6c62df644e432a3017abf36.jpg 0,385,586,564,2
20160303_091830_jpg.rf.c2f7ddd3817cd2c36923832bddae4525.jpg 0,239,419,383,2 448,175,634,343,2
45_jpg.rf.70d1b141f8e986af2c88c613f83a7c83.jpg 0,0,640,640,0
40_jpg.rf.93e12129505ceb2c7ca0af116b7f88d0.jpg 291,159,489,500,1
7_jpg.rf.561b42e55e0f66f45de070ea293fcba9.jpg 0,0,334,572,0
2_jpg.rf.b232e0a8e70971d4d73aa005877e0955.jpg 282,166,325,640,2 322,16,340,155,2
49_jpg.rf.d997a3f1bd55e1c1b969af1dcad2deeb.jpg 164,207,436,522,1
20_jpg.rf.72f83e8678f0b9a709f64f17b136b819.jpg 32,17,640,457,0
40_jpg.rf.ed8c3e917e976632facaf04aa16693f1.jpg 186,66,585,336,0
20160303_093353_jpg.rf.aec4864ac570d0e27adc31bcaf0d6190.jpg 2,256,640,504,2
69bdffe6ebe86e3a9244f41c56f4d55a_jpeg.rf.454c7af843c56445e283ae7d3491341f.jpg 0,128,538,431,3
14_jpeg.rf.88027422f348ab96f52ccacbba988dd2.jpg 357,206,467,413,4 247,325,337,502,4
20160222_164936_jpg.rf.453442985149c8c343d2cc82d9f3eaad.jpg
15_jpg.rf.2824e95c98e6b090c51ababceb3ec69a.jpg 182,181,285,578,3
40_jpg.rf.a59f7aa55241bdd3eeebc1fd53e82a43.jpg 301,321,537,535,4
23_jpg.rf.be5522534169375fad5a0fba4c41b50f.jpg 55,1,640,622,0
11_jpg.rf.012b77ba874435ef6171c61a44f5e36e.jpg 74,173,334,622,3
24_jpg.rf.0da06f28b2583877d895cdb6bd41fb44.jpg 266,258,547,411,4
20160303_091825_jpg.rf.a2af8f04b9429eebfd93dd54b066525e.jpg 57,260,173,319,2 170,316,289,378,2 331,409,428,519,2 63,313,84,364,2 289,381,325,402,2 118,339,136,356,2
16_jpg.rf.500f3ee41568efab7ab26288a7851e36.jpg 0,18,484,470,1
9b17971351ce031c00c48a127736adab_jpeg.rf.53783b73b42730145d27b815b587e9a4.jpg 94,86,514,394,3
2_jpg.rf.38a030ea37f4ff2d94a19db4966c00c8.jpg 14,278,525,432,2 536,233,634,274,2
37_jpg.rf.3f6eb36e24ee2c2fcb00a692a3ef0cb4.jpg 244,141,501,233,4 0,418,141,610,4
119_jpg.rf.644d5e8466c55faddf8f9b53af6d5ae9.jpg 242,11,545,640,2
7d6a043ddbf8e0de04071a2d5faf6c68_jpeg.rf.8b4197de0eeb7d8134bdd4bb393be195.jpg 264,228,638,598,3
20160222_165225_jpg.rf.c6f055ca23735b24c685aee73dcbad22.jpg 249,10,385,378,2 247,333,312,640,2
16_jpg.rf.193ecfda283bc57b7d233266615e3b3e.jpg 152,104,633,593,1
20160222_165225_jpg.rf.b3b324921965e6e27a734da6f1b4d594.jpg 265,229,639,404,2 0,267,303,321,2
154_jpg.rf.faba39843bab5a61e7b7188beae4dcf0.jpg 0,141,639,460,2
2a8c7e534c28d04c46ce6003eeaa1e97_jpeg.rf.ea358bbb26504b5c2befd58c97aa6aba.jpg 91,116,640,521,3
28_jpg.rf.1ea550e4a64c6d372ae6b476296af7f2.jpg 312,0,640,622,0 130,65,336,414,4
8_jpg.rf.9b3abcadc35dab983bb907f96955b879.jpg 292,194,470,510,3
20160303_093353_jpg.rf.cf48ed57dffc7cb238d35b3c66f18da1.jpg 12,31,450,623,2
20160222_164936_jpg.rf.0498d362308c11f583211a1c1d62319c.jpg
160_jpg.rf.5588be9d45557ff92fac5543fa2d4b51.jpg 227,0,499,632,2
40_jpg.rf.f899548a0a5aa33dcd2f0e8e33c8758e.jpg 97,87,319,336,4
160_jpg.rf.3e83b6adeae24511cd23d8ef5460a454.jpg 156,1,375,640,2
45_jpg.rf.f78f677292297b4e5ffb79a193dcd9c6.jpg 0,28,612,626,0
31_jpg.rf.927da232044532ed267ef28abb39e0f0.jpg 142,396,310,527,4
20160324_170408_jpg.rf.e6e0b5f71e368469987a741ac6596066.jpg 0,220,634,331,2
40_jpg.rf.4f05c7a3ca733bc9a4ac5c8eec97df91.jpg 327,208,568,576,0
149_jpg.rf.45775ff14a3ee6d1395afcaddd66ad65.jpg 209,0,310,639,2
42_jpg.rf.24cdb0c4b78a018f7f878d85814b397d.jpg 88,168,361,455,1
20_jpg.rf.872234d488d5cfc7cb59088bcd8c5bf9.jpg 22,50,640,363,0
33_jpg.rf.1c11956fb919b0987178b47ef61340b9.jpg 69,245,322,371,1
35_jpg.rf.575cec5eef8e7f11c6d696ccb9674f4e.jpg 158,132,524,449,4
3_jpg.rf.18e490ce6f9d8037b4480ea75a5d095f.jpg 183,22,618,531,1
20160308_073532_jpg.rf.54951db61b48a3340b7483189f3b95c3.jpg 319,321,578,568,2 0,292,230,353,2 240,302,274,339,2
1_jpg.rf.cf5022cac3cd0f2c248c30e76fe24e77.jpg 123,265,414,638,2
20160222_081839_jpg.rf.8fdaa298d2d3c375275eb78606c58957.jpg 0,327,165,373,2 221,0,367,639,2 369,341,639,378,2
20160222_081113_jpg.rf.a5e839730e50e4a830978ebdbd9cab42.jpg 180,0,403,639,2
7_jpg.rf.1ccd0262201e8d99aac903bf652bd932.jpg 237,259,309,617,2 294,135,324,246,2
20160308_155537_jpg.rf.639641e3ad3e57d1d308c3d0fe643456.jpg 0,244,639,443,2
48_jpg.rf.f3f5cd66a0a96d7af1306b74d4449a6a.jpg 165,10,364,257,1 171,270,354,494,1 165,508,326,640,1
9b2c3f1f8a423ee7b65dfa1f303b8f5b_jpeg.rf.dddca8bc41b380a9fbaccdacf2551659.jpg 0,13,597,523,3
9_jpg.rf.4e752a3be2a900b1e7e96d267a0880cf.jpg 228,164,356,619,2
17_jpg.rf.6f3fb6f55eca5e2658d4f953c654f057.jpg 217,157,310,597,2 384,208,495,601,2 388,416,407,561,2
42_jpg.rf.d8ecabeaa3c17d11c1c9fd3ccec2628d.jpg 202,408,576,579,4
29_jpg.rf.33caf378cabb8afa4029c1158860b69c.jpg 183,332,348,378,4
20160308_155537_jpg.rf.e8f280a2ef13626a2038a01adeb86a26.jpg 0,251,639,442,2
19_jpg.rf.36df35ecd2b21653a2875fe7efff6264.jpg 304,115,580,408,3
20160310_114505_jpg.rf.51fed5a4f272011cbe5f811071dd70a1.jpg 219,0,284,639,2
9_jpg.rf.72179c0293b6743c80e5603e85257135.jpg 393,351,597,628,0
7_jpg.rf.ccb4f1f00dd3f471fee8040048adb018.jpg 15,285,640,608,0
47_jpg.rf.d149f5846f852eb9c75ddb5b1f86321b.jpg 145,105,519,518,1
50_jpg.rf.76227e303d481a90f87fdb13af33e304.jpg 327,75,545,507,4
20160306_103903_jpg.rf.91632d9c4e73a6c9710f9c087e7f481e.jpg 252,170,346,639,2
38_jpg.rf.9eb2b1d6545ce083b8e6031e116d879a.jpg 252,60,640,602,1
7e66475d83b955fa98750d6f0ef1880f_jpeg.rf.ed334a21d48ff92056e62ac8a7cfa02e.jpg 127,73,533,577,3
20160222_165919_jpg.rf.fe88b83cdb67b140ed64d1f838a113ff.jpg 235,0,338,374,2 0,294,282,345,2 311,246,602,486,2
16_jpg.rf.cacc07f2efbab130b7baef05ce537441.jpg 69,152,304,362,3
2_jpg.rf.fa2794a3a39c263ab0baf162c886cc87.jpg 259,129,576,429,1
20160307_164301_jpg.rf.0cbfe24a4e70c42fa295a55143eb2f1b.jpg 0,238,616,507,2 264,0,337,331,2
9b17971351ce031c00c48a127736adab_jpeg.rf.03990801cd12520f298cb2827f2c4643.jpg 88,113,490,408,3
49_jpg.rf.44257f8c576b784f26251307489171a4.jpg 220,252,483,479,1
25_jpg.rf.595704a7119096b894849fc36ce6ff4b.jpg 1,37,630,640,0
126_jpg.rf.422f644aeefdaf6f17a656850081c004.jpg
45_jpg.rf.06eb19fde1bc434368f0bc073002fa41.jpg 226,178,328,425,4
17_jpg.rf.7bc2c7fdaebe11a08359a33867e1dc5b.jpg 184,278,526,625,0
30_jpg.rf.4317f8e7fb698c61e09786a4cedb6805.jpg 241,479,450,640,1
20160307_164214_jpg.rf.22e10a96e15d8a713d61bf7a5a2fb7ba.jpg 22,288,451,415,2 0,550,593,593,2
39_jpg.rf.4b380ec35267148a86b6ded0cbe725b1.jpg 111,159,287,433,4
20160306_103613_jpg.rf.ee7c2e27a6c55b7fc6ce0c8e4fc17778.jpg 13,209,638,302,2
15_jpg.rf.e1015110c3bee69009c190224c741288.jpg 121,0,412,633,2
3_jpg.rf.eaa2bb61d581f1cb393136ee599b26c0.jpg 2,51,286,550,0
9_jpg.rf.e45a947f2d2590cb4a725df457e37ab7.jpg 33,61,255,489,4 326,50,403,313,4
48_jpg.rf.2207d6b034cf34baeea8c5e96c94b926.jpg 0,0,640,640,0
16_jpg.rf.9d00b8ed1d6e76e6877e1cb4c985e90b.jpg 4,155,638,402,2
2a8c7e534c28d04c46ce6003eeaa1e97_jpeg.rf.fcaa9889c06e30f8e0c98ac67a0e784e.jpg 133,113,511,639,3
142_jpg.rf.ae374fe864cec29a902badee1208a750.jpg 261,0,473,623,2
0493cdab5a922c1d08cc3ab5f3275391_jpeg.rf.d634dd54103e7bb7b22e0dcd601ac065.jpg 0,196,202,563,3
32_jpg.rf.97e6f1283de8a96bd60ab2640af8caa8.jpg 0,158,634,640,0
20160307_164334_jpg.rf.ad91802a8b09aac9b2b8ce750c501187.jpg 112,184,640,307,2 55,310,315,557,2
46_jpg.rf.ca25b8f09689af6de1e219dcc34125e7.jpg 349,222,558,509,4 178,155,304,441,4 43,221,153,415,4
20160303_091830_jpg.rf.765a426d4dc9dd4d3604c5d3de949a31.jpg 237,203,638,316,2 155,351,235,568,2
27_jpg.rf.0ee612b3ac1dad0765da573eb70701dc.jpg
49_jpg.rf.f5f4df17fe88b7cae41b9d7de0d8b784.jpg 0,78,639,640,0
46_jpg.rf.3ba595daaa084532fa42a63d4a7ff941.jpg 0,0,640,640,0
20160303_091825_jpg.rf.1cb5ca8a91e74612f1f36dd35b6c7182.jpg 88,254,217,302,2 220,212,354,259,2 411,89,539,187,2 110,198,146,248,2 357,192,399,210,2 175,213,192,229,2
14_jpeg.rf.e0afaa4afd1e82b0ef1479932dcdffa5.jpg 205,367,398,473,4 323,266,486,354,4
133_jpg.rf.2b70a7f6f815132a62d83645255ac08b.jpg 160,0,284,639,2
24_jpg.rf.4314a97be8afd2cb7162b8ed2d793a35.jpg 0,0,277,477,1
15_jpg.rf.854937f3e6ea6db54ccdc9604699420a.jpg 62,159,513,552,0
24_jpg.rf.bcf6e46f8637170ab28cdc44a2828f3e.jpg 141,138,514,522,0
27_jpg.rf.8cc3ed4307aad1ec9e38cb624b19d9bc.jpg
40_jpg.rf.32e646c7576c26bd0aa63b150a8617a6.jpg 121,171,461,375,1
125_jpg.rf.c01ce4bb110eb2d31351514b2a824bc2.jpg
10_jpg.rf.96065d08ec564fa94988a09b0d6cb952.jpg 161,189,489,437,1
20160307_163352_jpg.rf.c1c680521bfe28e77c1321270fb6af63.jpg 87,39,269,634,2
34_jpg.rf.fdb92a4d35e53ebb2370be3f3ac2688f.jpg
20160307_164334_jpg.rf.98cb8cf020c93ab21979f0819508c404.jpg 243,0,281,639,2 279,21,537,382,2
16_jpg.rf.315c0e7329e51a06d5e563142e519824.jpg 308,257,577,584,4 145,351,206,552,4
4fff998d49340c1aac3fca6f9f9d3b77_jpeg.rf.33b261156a855cb8810f9ffc98386d75.jpg 155,149,470,501,3
43_jpg.rf.534455c545968c14ef1f34b303e92370.jpg 307,140,575,497,1
30_jpg.rf.cbab7fe357a2313e26b70bb9b9c9010c.jpg 35,135,640,640,0
20160307_145107_jpg.rf.22ee0d4cac326afb384a892bbdb7f8c1.jpg 409,22,517,640,2 0,295,412,368,2
4_jpg.rf.2ea6fc00795d976113d743d02bbad0f2.jpg 253,204,349,423,2 350,444,382,638,2
50_jpg.rf.e0d9948377adcbd142e976899a8b255d.jpg 225,277,393,465,1
20160222_165919_jpg.rf.a6f67ce5b65654116f05719049920785.jpg
15_jpg.rf.3830db61132d9e7ead70b36baec61b8a.jpg 373,76,434,449,3
20160308_073356_jpg.rf.93d68ae84ba60a680de671e9f6e48139.jpg 289,8,347,640,2
25_jpg.rf.7d52eb5fd41625ba68641fb03d6cebcf.jpg 315,415,527,632,1
11_jpg.rf.ad04cd8dc8d4b7c1ef5ce1d5a6fe7c88.jpg 0,215,572,612,1
20160307_145107_jpg.rf.c89d2c3267e89fd6b2d4a30227b76264.jpg 0,76,628,239,2 189,222,354,636,2
10_jpg.rf.9b0104b99fee9b1c37a28b4a19de0f6c.jpg 151,173,448,429,4
10_jpg.rf.0c6ac34b777186c0b4d16dece13be08c.jpg 148,206,430,473,4
20160308_073356_jpg.rf.bc59f27c560670fd413bc789278425c8.jpg 9,202,606,439,2
50_jpg.rf.0fe0cc4bf3a9f93de154271a4c0747ef.jpg 49,294,439,491,4
47_jpg.rf.c7c14a4a480b2d5a3445afb4e90e8a70.jpg 53,0,640,625,0
1e354340cf8b06f653299916fa1de836_jpeg.rf.73d1c9cb2c6a5afa3902cc23b2bef700.jpg 136,97,485,515,3
8_jpg.rf.66113d9ac122cb799013eb7e668a50f7.jpg 221,200,366,497,3
3b7042341ff874a2ff04cd2ab6d16cd0_jpeg.rf.7415b9eaf0189072e3fb9e2233461daf.jpg 265,0,555,489,3
38_jpg.rf.bb38f771e869864ed1c522943136d71e.jpg 111,258,609,550,1
2_jpg.rf.b53c3e0b54b9bc18fa6f17cc15940fa5.jpg 286,80,638,636,0
20160308_155828_jpg.rf.854eb0d50c1b54d262173e1b59860178.jpg 238,0,375,636,2
16_jpg.rf.8871972208deb9c586d3c068ec8598d3.jpg 363,193,582,412,3
33_jpg.rf.b511425e17d28b6fc44751d2f779648f.jpg 0,9,400,640,0
9_jpg.rf.24aa3f4b543027b48d80edf0ce7c6eb2.jpg 108,156,386,585,1
8_jpg.rf.be8f94a6c15b98af453504474d97729f.jpg 227,88,459,550,4
20160307_164143_jpg.rf.103a4af48f789369338e50062726a822.jpg 0,303,219,453,2 198,2,228,316,2 251,289,399,640,2 352,4,620,253,2
30_jpg.rf.7a62fb54ac5c87a7ec7032421e4d2b4b.jpg 0,0,538,612,0
a933f0446ccbcdbe966c809061e5a0ad_jpeg.rf.a1aec33432bdd871f352d6234ddd1a67.jpg 130,118,432,530,3
4fff998d49340c1aac3fca6f9f9d3b77_jpeg.rf.a9e27aa3261b4a57ffa077be6c579e4f.jpg 130,162,510,515,3
1e354340cf8b06f653299916fa1de836_jpeg.rf.567113debe04468a308bd93ab0615bf9.jpg 192,76,550,495,3
20160308_155516_jpg.rf.45c93763ab5ecfea58f515f69964c779.jpg 323,7,404,367,2
11_jpg.rf.9a6d43a4c8731cb99e7d0179292768c9.jpg 0,88,595,450,1
49_jpg.rf.1a9b57242b8600de60817d88dc36ce73.jpg 166,23,425,565,4
31_jpg.rf.2eb8615fbd1e6c111f56fa00e2f3dc54.jpg 378,131,515,304,4
4_jpg.rf.3d27f7e443bb515c425aa299d7b6b566.jpg 172,269,404,370,2 0,390,151,427,2
20160308_155828_jpg.rf.f122cfede81df93c9ba7e8abb67253cd.jpg 0,266,627,394,2
16_jpg.rf.a401b9522c22a5076767039483c990aa.jpg 284,354,640,416,2
5_jpg.rf.7b51d66f2155508bbf7900fd2bdb9ece.jpg 155,160,497,445,1
25_jpg.rf.289ac4d4c5cd314124b1486d662d0f8b.jpg 71,0,318,196,1
20160307_164143_jpg.rf.0acd11e199e34ea062d0ad721f310ff0.jpg 271,449,437,640,2 4,441,284,481,2 253,246,613,416,2 0,31,192,317,2
3_jpg.rf.b18e1642c53216adade2c4207c358d4d.jpg 55,316,309,420,2 410,404,615,433,2 314,327,408,389,2
24_jpg.rf.e0a35a9651681d7cdf8f82118bfe3dd5.jpg 131,194,511,526,0
16_jpg.rf.88d2477231484dfcd2b605c92f56e830.jpg 241,314,541,569,4 304,176,482,224,4
49_jpg.rf.971cccf8b77047a8f6d628b143540848.jpg 142,199,414,434,1
3b7042341ff874a2ff04cd2ab6d16cd0_jpeg.rf.9cf28da50504c31aae6a6efceeb65c8b.jpg 10,255,520,528,3
40_jpg.rf.9ad2548059ff4f9df237541a6f960c4d.jpg 298,173,476,477,1
38_jpg.rf.33637b4a560b2b666be8182235ab7b6c.jpg 98,231,566,596,1
20160303_091830_jpg.rf.3b7b9b0678c783d2f97c4053d60a9788.jpg 321,8,374,418,2 129,434,311,563,2
7_jpg.rf.8a8161e8c3dc9b778f5c5f390a90acf1.jpg 65,349,606,591,0
16_jpg.rf.31b954d6204da18b0ccf5f67ef1a8cf8.jpg 252,341,443,543,3
48_jpg.rf.99ccc2bcc95ae75e1c8c5a43b0396c23.jpg 0,290,227,488,1 233,282,458,438,1 458,263,638,411,1
20_jpg.rf.eeff52d1dac0aa7ba4a0c8407c05b038.jpg 30,80,605,345,0
20160222_081113_jpg.rf.6fcd32e79bcb1166d94046ada7e8dc09.jpg 31,190,640,453,2
11_jpg.rf.76df453fd896af00fff44f253fdf8e94.jpg 252,120,493,608,1
8_jpg.rf.6ce6e6bc40af0e8323e08e4217bf37e1.jpg 186,311,465,448,3
20160308_073532_jpg.rf.01b79641b9547c573da2b0c1458418f8.jpg 47,14,268,348,2 202,442,253,640,2 230,398,276,433,2
160_jpg.rf.d246450d8a2d9a63b27e3b1f0ecbcc40.jpg 0,183,639,356,2
20160307_164143_jpg.rf.8a61a0404f97c6280f26ecc0c2e06273.jpg 301,425,446,637,2 0,416,313,444,2 287,256,617,395,2 0,49,250,300,2
20160310_114505_jpg.rf.c7dd6794decf949e15ee2da719303cd6.jpg 0,369,625,411,2
20160303_093353_jpg.rf.b4ba8115e9a8222a3f142ab97fbd326c.jpg 74,0,404,639,2
45_jpg.rf.7a708b6c2fe2d4369b8013d3d0fe3d85.jpg 361,221,506,442,1
20160307_145107_jpg.rf.2a42ce876a9d547155d2523e70ac06df.jpg 388,0,563,639,2 0,271,410,411,2
25_jpg.rf.8a14e880a05c5308035818510dd258b9.jpg 422,385,631,558,1
50_jpg.rf.1a938e8f9a2c34cba310e7748d852319.jpg 173,309,544,510,4
14_jpeg.rf.e7ab71d2c1bca021b200a4d8e4c1144c.jpg 223,363,410,455,4 159,256,319,328,4
4fff998d49340c1aac3fca6f9f9d3b77_jpeg.rf.42dfedab4757463585efcd9fa7720dde.jpg 159,151,486,501,3
16_jpg.rf.5c9f0784a70b12ea21c758430acf4fe6.jpg 0,119,438,602,1
27_jpg.rf.07482773af08b2d59bcc175c174fa931.jpg
8fb4ca155ee0bc6ca6317348f511bceb_jpeg.rf.feb03c7165ed6049b244dfe1327ca957.jpg 22,130,534,492,3
33_jpg.rf.76f2d0b79db35390104a12a6653ea262.jpg 0,279,621,622,0
20160308_073356_jpg.rf.c6a2560bd5073e3e542edaef3574ae7b.jpg 0,285,639,362,2
20160303_091825_jpg.rf.002ea6ca5c45d01f5bec157a607423f4.jpg 303,427,359,534,2 356,319,415,428,2 444,184,545,277,2 351,503,397,525,2 418,285,437,318,2 376,458,391,474,2
3_jpg.rf.9aa683684149cb396eda7937ff8c9e38.jpg 36,201,459,557,1
47_jpg.rf.2145d4e96c2467d728a7172b52be541e.jpg 0,0,638,616,0
20160308_073406_jpg.rf.a7716ca1e4de1bb1a6511f80c5279a6e.jpg
41_jpg.rf.60328070574493e1666185f76cdae12b.jpg 173,173,423,400,1
125_jpg.rf.6f5a6bf7bc3d2a028a2b1b804e9f38d2.jpg
7d6a043ddbf8e0de04071a2d5faf6c68_jpeg.rf.2d8734f25fa2efdc1b7ffc0f30be6103.jpg 60,264,382,597,3
13_jpg.rf.bf9eac1eff8fb27799ce96252929996a.jpg
20160308_155516_jpg.rf.056b512e17fc8f04642833c9b09dc541.jpg 208,15,304,365,2
20160307_145259_jpg.rf.a5bc47573dd2935732b40fee9ae14315.jpg 252,0,451,622,2
15_jpg.rf.a138463916039faac55464933139c2b0.jpg 56,350,428,408,3
5_jpg.rf.f38ed72d43832237d6a18687df83aeee.jpg 124,129,356,445,3
49_jpg.rf.60db0e4bd79810250bad8d7abcea5270.jpg 71,185,572,424,4
5_jpg.rf.f1460fc2c504b9f0c01488e4f2acbe79.jpg 188,198,457,492,1
20160225_114514_jpg.rf.a7f24bc0bb073e2174c43480aa3f8ff8.jpg
20160307_163352_jpg.rf.26e38aac9e4c83e3e160a7949bbea0aa.jpg 0,418,639,481,2
35_jpg.rf.43777adba708853e7f1bae698c1512ca.jpg 57,0,596,572,0
133_jpg.rf.e6f6ee116386f9462e39234287565647.jpg 41,296,640,542,2
20160306_104456_jpg.rf.9a262ae662010487d6c00b53e13ac7d5.jpg 162,271,307,639,2 0,75,639,316,2
1e354340cf8b06f653299916fa1de836_jpeg.rf.bd9dab985e75a185a7418437983526ff.jpg 134,193,516,511,3
20160328_153915_jpg.rf.a73b68d4180eecf47ead517ac94cd04b.jpg
40_jpg.rf.5c0fd790278e50c507c7ab0fc7cad5ea.jpg 119,322,349,528,4
080aef26551ab12fad5c51effb8bdf92_jpeg.rf.37128c0af1b1676955b7a8826fe3b7bf.jpg 46,0,528,567,3
3_jpg.rf.7a8f103016b40eec6f3bd061ee510745.jpg 285,318,339,549,2 172,63,220,241,2 248,234,322,311,2
1e502ea902939874fd48a1f4ab150995_jpeg.rf.0aa91d81efb477d410953e7aa90b7df3.jpg 160,140,511,609,3
1_jpg.rf.73dde77c7d4a9ddcb7c7750148185ef0.jpg 153,285,473,612,2
30_jpg.rf.5faac749b5934b8995a0b18d69259bf0.jpg 165,32,638,581,0
17_jpg.rf.3fece9885271e24968ce7514b3ab6ed1.jpg 272,292,458,476,4
10_jpg.rf.4a3cd011d23858e61abf7683a169a007.jpg 178,192,420,454,4
20160308_155828_jpg.rf.071f8da2efeb7f9d941cfcbe8eab7f9a.jpg 248,0,395,639,2
1_jpg.rf.4d57c41c7f8f2aeca0eeaea398b48f4c.jpg 135,243,613,515,3
26_jpg.rf.41ff5af496581ef59afb9a3931a72e5d.jpg 205,234,451,539,4
20160308_072921_jpg.rf.bf50315b22718c3a3a9b7d9083fbcd0a.jpg 245,0,397,639,2
9_jpg.rf.d66ef5201a9a6a0679b24199fcf798b5.jpg 0,26,235,311,0
20160225_114514_jpg.rf.6a89f3e6dddc6e060e82b0acb200bc7f.jpg 8,202,374,259,2 2,263,306,445,2 403,176,442,279,2 404,319,441,381,2 253,21,323,203,2
24_jpg.rf.993bf17135796471a5495f8b2b9f198a.jpg 133,184,489,508,0
149_jpg.rf.079566c3807f08eb637b68aa83eb1dbb.jpg 0,270,622,456,2
2_jpg.rf.24bad732705b0d77df154955effa80c3.jpg 166,22,504,380,1
10_jpg.rf.663afbd93765234619335c14053f2d22.jpg 189,138,450,483,1
19_jpg.rf.d63db9e6dcdac88798623e512681d41b.jpg 0,0,631,636,1
20160222_081839_jpg.rf.059667010cac0e76af80a79f315b7f84.jpg 18,326,173,382,2 219,0,382,632,2 381,326,640,354,2
14_jpg.rf.da120853214104f6f524556675d79edd.jpg 249,339,468,441,3
20160307_164334_jpg.rf.15807e3bf815db5099fbe58ff8258cab.jpg 19,366,640,417,2 270,105,607,375,2
4_jpg.rf.93be56f1ccf8754fd3fe869878726d6d.jpg 250,201,351,409,2 371,426,447,637,2
25_jpg.rf.7503f8575b716cb0f64c9a225dd59cd5.jpg 84,213,312,402,4
38_jpg.rf.dd85e59537a415c2a55319b103d1842a.jpg
7_jpg.rf.10d94baef4e1728c51cff4578d0c6b97.jpg 230,319,617,490,2 102,257,218,321,2
47_jpg.rf.d82dbc5cf4832fbc2d09ef85be324ee6.jpg 259,304,536,597,4
20160308_072935_jpg.rf.4597f9e9774fd37be2c1bfd04d23230b.jpg 274,0,402,639,2
33_jpg.rf.1398c6612831d3df0417285616cc70ac.jpg 245,36,444,328,1
15_jpg.rf.b035ac85e7970df0b75fb821bf753423.jpg 75,90,507,587,0
276cdf81c706faddf8f4b525ce5bcf09_jpeg.rf.d74b418d3aea9b055924789dc5ff1463.jpg 200,149,422,430,3
9b2c3f1f8a423ee7b65dfa1f303b8f5b_jpeg.rf.fe6840ca588cd4afc3f6550c4020a2c4.jpg 0,0,581,614,3
2_jpg.rf.2668902917c862eeeb1e946600220625.jpg 25,293,522,592,0
18_jpg.rf.9364e81e5edf767b91c58b43f6a54ddc.jpg 312,93,380,595,2
20160308_074321_jpg.rf.55e63c8b61924146493ce1fcd13aa19e.jpg 210,410,301,639,2 301,327,317,400,2 309,296,340,385,2 133,198,630,383,2
16_jpg.rf.00492941fd779e2735592461e01f05b2.jpg 371,290,466,633,2
4f99c14cfb3836379ca77cb8e0747d0c_jpeg.rf.b76dd84a6744bb86624aa5c3c471af4a.jpg 167,351,388,480,3
20160307_144202_jpg.rf.80630d51c7721528f59f68aa7561fe66.jpg 4,309,463,392,2 465,376,580,432,2 575,387,639,431,2
20160302_155848_jpg.rf.55f7600abeb67f812eef91cc30603988.jpg 228,125,471,614,2
14_jpg.rf.e1d825319fe374410fa203cb2f0acead.jpg 0,61,638,636,1
20160310_114658_jpg.rf.1a1fe8b40b1265d38fc97fe76d25c212.jpg 0,291,200,336,2 431,242,593,281,2 595,220,639,249,2 355,272,419,286,2 281,288,336,304,2
4_jpg.rf.e731c889de9b60868cadea29197446d7.jpg 195,274,604,559,3
27_jpg.rf.4280cc1d81d6deb40d7b785637f055b0.jpg 126,417,561,587,4
20160307_162704_jpg.rf.31ee3295ac6bbf78bf3127bf7adc4226.jpg 201,285,619,434,2 0,335,248,456,2 418,77,593,404,2
-_20220803103715_jpg.rf.7e300e334196862c2b9f2a22c33e6a4c.jpg 489,0,512,105,2 66,203,586,574,3
20160307_163352_jpg.rf.1646f83c326578771bdf2cc460d34da3.jpg 0,407,639,472,2
39_jpg.rf.a4c7aca93c0188612e09572ccccd6199.jpg 14,455,638,637,0
7e66475d83b955fa98750d6f0ef1880f_jpeg.rf.282a690356a46e9483115866ad794db5.jpg 66,135,580,554,3
12_jpg.rf.712d2bd9929d89db23b3902e977cb690.jpg 258,377,450,526,3 61,391,195,507,3
33_jpg.rf.562b98af526309f2344ca81f42cf164e.jpg 431,550,520,598,4 368,464,436,481,4
23_jpg.rf.f50abb70c8af6baad7d0f1eb432823a8.jpg 112,368,229,422,4 191,517,270,606,4 263,412,404,483,4 36,293,81,323,4 170,320,193,334,4 187,276,279,317,4 86,283,183,337,4
13_jpg.rf.678dfeec780b51aebe324bc18f399ab2.jpg 284,428,579,588,3
23_jpg.rf.9718723d63b23dd5eff679358419b026.jpg 142,265,411,527,1
5_jpg.rf.20502b7d265feefee20668390298f82a.jpg 135,208,549,356,4
22_jpg.rf.d082912d57b8d231b942994d5caa8340.jpg 219,395,386,518,1
46_jpg.rf.4000bc8151800492261a7fd0febb3d13.jpg 0,136,519,637,1
43_jpg.rf.331b807a1ab30323f99a4667d2148a6d.jpg 71,118,340,497,1
14_jpg.rf.56350e6b117789c75e66e15d4d22987e.jpg 261,142,335,577,2
1_jpg.rf.3bb01ed3ccade10517eca82940f157e5.jpg 0,287,639,404,2
37_jpg.rf.b70aeaae14dccb6e954548912c0eba7f.jpg
10_jpg.rf.5e4be5bdcc01a7ceeaa2b1e65e55c4dd.jpg 244,375,544,611,0
18_jpeg.rf.4586021dad12bb587f544ac95eded1ee.jpg 170,443,340,598,4 410,436,523,526,4
36_jpg.rf.63b0ee27ee0a0ba1471c694f14b46178.jpg 87,246,555,428,1
34_jpg.rf.952798bd2c81b4721b9cf00317aaf670.jpg 225,322,389,530,4
29_jpg.rf.dc41c3b4ce2015943fcd39991167bb9e.jpg 402,77,571,349,1
39_jpg.rf.e8e929c3cdafb3408ca085a402b88ee7.jpg 0,0,635,462,1
50_jpg.rf.57a35b698e9ad3f40c6cd12062b2121f.jpg 269,286,452,480,1
0493cdab5a922c1d08cc3ab5f3275391_jpeg.rf.b18500d4a8a1b635555fe35451779f7b.jpg 136,413,470,619,3
48_jpg.rf.7f5c105d6e5bc217371e265e5a758d80.jpg 92,182,514,481,4
17_jpg.rf.9dec47af7a977abb5263f6df6e4f27f1.jpg 189,312,504,621,0
32_jpg.rf.a8e4cfff4693f0d2fa3f64d47b838b61.jpg 140,196,528,637,4
119_jpg.rf.a1e3c1a398c12fc7e1011b478f3eb462.jpg 154,0,307,639,2
8237cf3d50cdefdd317dc6e602444156_jpeg.rf.f546d8383058482e1164976a84756938.jpg 228,165,502,456,3
20160307_145259_jpg.rf.63dd1ad33594b0b6b65ed2206b408a54.jpg 288,0,396,639,2
20160302_155914_jpg.rf.1c6a4af2cc016e4e5d48e907d4ea3739.jpg 249,248,406,639,2
20160306_103638_jpg.rf.7df3c6d108b114540b1b969b07be5693.jpg 271,0,417,488,2
20160308_155537_jpg.rf.90ded3610eb27fcc0187be26b494552e.jpg 226,0,448,634,2
11_jpg.rf.3f0ebe349b35a87bd1cd8e1329fd8e78.jpg 13,153,301,438,0
34_jpg.rf.7e07817fccbe13f042c4aae0b3c2d0ff.jpg
157_jpg.rf.fb90521ace8247ddcc9356503d7aa4e9.jpg 219,3,436,639,2
27_jpg.rf.62e2016810c53ba2e4648f082b1f835e.jpg 239,65,495,637,1
20160302_155919_jpg.rf.9a70969b62dcafc50085211a126ad9b8.jpg 293,0,411,330,2
20160222_165919_jpg.rf.5547c2f72866dd9c73d710529f062cfc.jpg
20160307_164334_jpg.rf.f55db67b9de85b2ca618bbee9c128f77.jpg 245,127,327,628,2 330,41,527,304,2
20160302_160033_jpg.rf.b691695272a91bab22abd88a661cd8d4.jpg 279,30,412,632,2
12_jpg.rf.85bfa3416cc9b65399be4523f4528969.jpg
3_jpg.rf.2f1d4b1838176e0b5ff7711918a76486.jpg 213,464,409,517,4
20160306_104456_jpg.rf.69b3528e9e70f503b75573d0b0a71e97.jpg 24,176,369,322,2 240,172,484,630,2 493,66,625,177,2
20160324_170408_jpg.rf.cbc27cb968bf2e28f90d4ff661db7b8a.jpg 10,242,637,343,2
20160308_155537_jpg.rf.5b5ea7ef0bd3e8b7886b0891c9d3842c.jpg 12,262,640,399,2
4_jpg.rf.0a08e1bce8c546c33c9ed1fc04a3e5bd.jpg 7,173,463,565,1
5_jpg.rf.559effda35f3bb23898b142e5a12f2d6.jpg 225,53,433,617,2
20160308_073532_jpg.rf.f4b6fe68d524bdf4a93abcc98e26499d.jpg 127,9,319,339,2 240,424,289,640,2 276,386,321,417,2
19_jpg.rf.eb53a00f59e2a2376fa537631a17bd88.jpg 134,301,451,603,3
100_jpg.rf.c94817955c994d46bf6e544eaf7ed666.jpg
21_jpg.rf.b56f76aa8825991c8dfe2d98f420795c.jpg
33_jpg.rf.8ce5513a769ad34824e0bf062fa92c4a.jpg 238,60,404,344,1
1_jpeg.rf.b8aac001bcda4789280a126392f2194f.jpg 247,132,420,381,4
20160307_164301_jpg.rf.ddb6c9398e2cd5570197c9d23ec692e1.jpg 17,154,640,435,2 190,332,355,640,2
47_jpg.rf.57eb03126a92efea3bbff8f6ea7e44e8.jpg 107,134,534,525,1
9_jpg.rf.073d1d71772ffeb7c921fcb3056501d7.jpg 0,208,470,421,2
20160222_081839_jpg.rf.5d57221dba4b09fa60f08b2a06ace6a8.jpg 345,464,408,640,2 18,248,640,399,2 213,12,311,244,2
42_jpg.rf.7eecc42fac0469a2a5f66cb215cec055.jpg 451,113,640,513,4
20160308_073310_jpg.rf.382fe8f98601b9e2e0f3d5d21264ed3f.jpg
06ca9ead568d7106a2c9e4d70a32ba26_jpeg.rf.45aef39c2737e691accf0dd52e5ca435.jpg 213,291,412,430,3
20160307_164301_jpg.rf.d8f929ac47c20ca6df5d86249cde5347.jpg 256,0,538,639,2 0,303,359,376,2
20160222_165919_jpg.rf.13198c79cc109fa5b4fc3e590f31a0f6.jpg 255,248,640,348,2 269,13,340,296,2 175,324,396,633,2
44_jpg.rf.ecc39fdcbe5d1183f3a170199ea01c84.jpg 210,127,574,397,1
35_jpg.rf.1bfefc17526c9755ca8f534a3ec5f5b2.jpg 127,121,446,529,4
24_jpg.rf.c66931cb00ed6b7aa4f7ad76c95dbd91.jpg 225,232,409,542,4
20160306_104522_jpg.rf.c5f1dff086574d90b7cf8f75eda7dc8a.jpg 6,166,640,335,2 345,276,437,640,2
9_jpg.rf.7ce5b9569a249169ef0033defd0feb1e.jpg 401,344,623,635,0
43_jpg.rf.e6aa14b74d6a4b67bc228ff327335dbf.jpg 401,241,522,437,4 263,295,344,466,4
15_jpg.rf.602ac030e33511990bfb69757120aea6.jpg 12,0,521,582,1
20160306_103903_jpg.rf.4383f2660bc6afef15ca606eaf14d8e4.jpg 12,248,522,393,2
12_jpg.rf.e09d68fe6b8754d128ea3d486a4338ed.jpg 139,66,316,608,2
17_jpg.rf.1bda52769c1a732b8dbef78c9410baaa.jpg 180,117,375,593,2 429,196,494,640,2 377,434,429,594,2
20160222_165225_jpg.rf.3ae511a4164d051f9f5f2494cb7aa2b2.jpg 278,266,631,461,2 0,293,321,359,2
20160222_081113_jpg.rf.066083264077a0660b782aec119045f8.jpg 76,19,484,613,2
3a68eb3de43986d280eb036025fda944_jpeg.rf.7fd11a53704a467bdf629228b80fc624.jpg 92,152,400,466,3
20160307_164334_jpg.rf.2a1c9d5f0e3fb5a27106fa761fd4f22b.jpg 0,376,624,454,2 0,174,406,394,2
7_jpg.rf.7b55db0d53af521e2cd163d858020c8c.jpg 42,306,417,443,2 429,255,541,308,2
29_jpg.rf.86273686babfae84865d4e2364ed3aeb.jpg 338,313,387,482,4
34_jpg.rf.6c3c91c7f6510f37e384829b902fdf58.jpg
4eb2f9fdb703bcec4df2a7e37f1ac4a2-1-_jpeg.rf.a31eed546be96b649a9ca8a37a28b94d.jpg 164,165,535,547,3
2_jpg.rf.38906e3527b3e0226d711148dce8f6df.jpg 134,228,468,583,1
42_jpg.rf.b2c4987c054646d2599d0d57a07f20dc.jpg 147,280,481,585,1
133_jpg.rf.40b0f83c1bc0e895c1d322c2292c858f.jpg 23,291,637,589,2
20160222_164936_jpg.rf.10c0ac120483d28eb4fde16840bab7c9.jpg
15_jpg.rf.17a5e4cde4d671c44f90114ac03cb3c5.jpg 121,8,638,566,0
43_jpg.rf.d48ffa9d5e03a20859c005a7d620c98a.jpg 115,280,480,605,1
17_jpg.rf.d61dc405f39ea92fa84241600e82343e.jpg 8,231,313,593,3
1_jpg.rf.b2a95137b7e11b2e8a492a23245cf85f.jpg 288,222,617,531,2
149_jpg.rf.0b1931de99b355220a3eb779e3f886ef.jpg 6,335,640,446,2
20160310_114505_jpg.rf.28987c96e07c5e681cf59f0a21ac6470.jpg 16,184,640,267,2
45_jpg.rf.642ff46169b866c0f5f093ee9af248c5.jpg 0,0,640,640,0
9b2c3f1f8a423ee7b65dfa1f303b8f5b_jpeg.rf.77063643e63fc5a9bea8ce2fe7fe537e.jpg 5,11,569,640,3
4_jpg.rf.6f4d622154c63fe5688eb8434cb82d12.jpg 277,132,640,637,0
50_jpg.rf.614d412e6b1be9b6e16ecc539759111c.jpg 174,216,385,405,1
35_jpg.rf.e8275fe60d143bc606451395a33d497b.jpg 170,265,562,633,1
20160222_165919_jpg.rf.a34a446026430002d9d9205fff47f82d.jpg
7e66475d83b955fa98750d6f0ef1880f_jpeg.rf.01804cbb826c6deffdae8d0a20189349.jpg 103,61,545,605,3
10_jpg.rf.d7f29aab4df6df3112c69f43cb4fb710.jpg 158,122,437,489,1